     2.388     2.559     4.424     6.486     0.277     0.011     0.182     0.807     3.000
    -0.189     2.638     2.888     5.843    -1.310     0.043     0.021     0.936     3.000
     4.615     6.357     6.689    10.129     0.260     0.000     0.992     0.008     2.000
     4.235     6.936     6.402     6.472     0.165     0.000     0.990     0.010     2.000
     0.228     1.201     2.760     3.288    -3.054     0.046     0.027     0.927     3.000
     3.581     4.688     6.524     8.951     0.255     0.000     0.920     0.080     2.000
     3.862     5.409     4.318     6.197    -0.070     0.000     0.904     0.096     2.000
     1.849     2.806     2.410     4.475    -0.870     0.037     0.095     0.869     3.000
     1.516     2.540     2.835     4.037    -0.991     0.043     0.074     0.883     3.000
     3.607     4.724     3.825     4.197    -0.509     0.001     0.804     0.195     2.000
     1.996     0.951     0.775     1.426    -1.800     0.271     0.016     0.713     3.000
     1.276    -1.396    -2.403    -2.370    -0.101     0.996     0.000     0.004     1.000
     0.168     0.878     1.233     0.920     0.854     0.913     0.000     0.086     1.000
     0.270     1.374     1.963     1.070     0.667     0.801     0.000     0.198     1.000
     4.117     3.556     5.892     6.190     0.289     0.000     0.843     0.157     2.000
     2.353     2.826     6.394     7.614     0.909     0.003     0.330     0.667     3.000
     3.640     4.633     7.111     8.761    -0.723     0.000     0.966     0.034     2.000
     1.508     3.739     4.553     7.555     0.226     0.006     0.204     0.790     3.000
     2.358     3.262     4.466     6.023    -0.608     0.003     0.389     0.608     3.000
    -1.706     0.594     2.560     3.515     0.519     0.825     0.000     0.175     1.000
     4.677     3.574     5.742     6.101    -0.914     0.000     0.950     0.050     2.000
     1.632     3.182     4.476     5.506    -0.892     0.006     0.253     0.742     3.000
     1.860     4.598     4.742     6.158    -0.441     0.002     0.518     0.481     2.000
     2.705     5.199     5.852     7.047    -0.188     0.000     0.858     0.142     2.000
     1.337     1.833     0.995     0.755    -0.057     0.639     0.003     0.358     1.000
     0.405     1.378     0.767     0.863    -0.634     0.721     0.001     0.279     1.000
    -0.120     2.328     4.671     8.202    -0.601     0.014     0.031     0.955     3.000
     3.450     4.258     6.117     7.643     0.252     0.000     0.850     0.150     2.000
     0.163     1.556     1.192     2.899    -0.448     0.534     0.001     0.465     1.000
    -1.095    -0.656    -2.183    -1.045    -0.674     0.995     0.000     0.005     1.000
     1.573     2.891     1.648     1.882    -1.013     0.140     0.047     0.812     3.000
     0.994     2.050     2.900     3.515     0.974     0.356     0.006     0.638     3.000
     0.146     0.340     1.585     3.913    -0.400     0.558     0.001     0.442     1.000
     1.510     4.899     7.795     6.984    -0.948     0.000     0.859     0.141     2.000
     1.613     1.032     2.661     4.686     0.752     0.289     0.007     0.705     3.000
     4.264     4.542     4.865     4.195    -0.079     0.000     0.898     0.101     2.000
     0.248     1.356     2.451     5.169     0.137     0.293     0.003     0.704     3.000
     3.185     4.721     4.487     7.055     0.101     0.000     0.745     0.255     2.000
     2.922     2.343     4.192     5.506     1.209     0.036     0.129     0.835     3.000
     1.403    -0.454     0.179    -0.929    -1.163     0.872     0.000     0.128     1.000
    -1.238    -0.921     0.370     0.020    -1.479     0.950     0.000     0.050     1.000
     3.100     4.420     4.269     6.663    -0.287     0.001     0.707     0.292     2.000
    -0.279    -0.174     0.477     1.923    -0.674     0.871     0.000     0.129     1.000
     1.919     4.090     3.962     5.030     2.146     0.078     0.083     0.839     3.000
     1.414     0.296     0.220     1.708     0.818     0.900     0.000     0.099     1.000
     4.029     5.486     4.874     3.946    -0.228     0.000     0.938     0.061     2.000
     0.953     2.496     4.230     6.748     1.433     0.082     0.020     0.898     3.000
     1.652     2.710     2.468     1.366     0.015     0.245     0.030     0.725     3.000
     1.489     1.842     2.082     2.932    -0.242     0.242     0.015     0.743     3.000
     3.319     3.566     5.138     4.308    -0.820     0.001     0.753     0.246     2.000
    -0.633    -0.016     1.094     2.151     0.211     0.913     0.000     0.087     1.000
     2.244     4.538     4.500     7.631     0.518     0.002     0.441     0.557     3.000
     2.942     4.466     4.444     4.464    -0.469     0.001     0.700     0.299     2.000
     0.301     0.999     0.681     1.337     1.777     0.960     0.000     0.040     1.000
     0.817     2.583     2.718     2.919    -0.821     0.116     0.029     0.855     3.000
     0.198     2.392     3.473     2.934     0.160     0.243     0.009     0.748     3.000
     1.603     0.062     0.017     0.200    -1.587     0.694     0.001     0.305     1.000
    -0.857    -1.948    -0.669     1.423    -2.064     0.944     0.000     0.055     1.000
     4.192     5.244     7.425     6.800     0.604     0.000     0.973     0.027     2.000
     1.887     1.912     2.985     5.823    -0.656     0.031     0.066     0.903     3.000
    -0.300     0.126     1.559     1.350     0.273     0.898     0.000     0.102     1.000
     0.636     4.035     3.902     5.478    -0.241     0.019     0.103     0.878     3.000
     4.663     5.415     5.180     6.042    -0.941     0.000     0.982     0.018     2.000
    -0.108     0.822     1.798     3.014     0.532     0.759     0.000     0.241     1.000
     1.130     1.806     1.918     1.145     1.962     0.856     0.000     0.143     1.000
     2.017     4.815     4.890     5.949     0.360     0.003     0.486     0.512     3.000
     1.279     3.946     5.572     7.645     1.413     0.009     0.156     0.835     3.000
     1.686     7.165     8.035     8.931     2.501     0.000     0.844     0.156     2.000
    -2.589    -0.120     0.416    -0.056    -1.360     0.968     0.000     0.032     1.000
     2.434     2.293     3.830     4.390    -0.355     0.023     0.159     0.818     3.000
     0.095     2.850     2.572     3.920     0.885     0.366     0.004     0.629     3.000
     1.315     2.516     2.925     3.637     0.030     0.126     0.030     0.843     3.000
     0.236    -1.383     0.214    -2.297    -2.127     0.940     0.000     0.060     1.000
    -0.008     0.752    -0.489     1.334    -0.519     0.897     0.000     0.103     1.000
     2.555     4.266     4.724     6.167     0.257     0.002     0.518     0.479     2.000
     3.601     5.217     5.828     8.762    -0.783     0.000     0.959     0.041     2.000
     4.311     5.737     5.969     8.547     0.434     0.000     0.972     0.028     2.000
     0.889     2.708     4.447     7.451     1.197     0.043     0.031     0.926     3.000
     2.706     0.686     2.234    -0.066     1.386     0.778     0.002     0.220     1.000
     4.457     5.516     7.013     9.466    -0.409     0.000     0.990     0.010     2.000
     3.698     4.865     7.091     6.774    -0.434     0.000     0.964     0.036     2.000
     1.329     2.002     2.230     2.096    -0.887     0.187     0.023     0.790     3.000
     2.279     2.602     2.636     0.811     1.620     0.523     0.013     0.464     1.000
     3.878     3.588     3.118     5.207    -1.854     0.000     0.803     0.197     2.000
     3.356     4.294     2.679     3.680    -1.719     0.001     0.735     0.264     2.000
     4.483     4.603     4.775     5.328    -1.057     0.000     0.956     0.044     2.000
     3.676     3.662     3.310     3.839    -1.559     0.001     0.749     0.250     2.000
     2.347     4.712     6.705     5.916    -0.273     0.000     0.816     0.184     2.000
     1.667     4.478     3.598     3.326    -0.529     0.014     0.294     0.692     3.000
     0.848     0.334     1.540     0.750    -0.254     0.766     0.001     0.234     1.000
     2.112     1.706     1.294     0.108    -0.344     0.502     0.010     0.488     1.000
     0.623     1.258     3.043     2.647     0.088     0.384     0.004     0.612     3.000
     0.465     2.852     3.888     5.604    -0.043     0.048     0.033     0.919     3.000
     0.661     3.167     2.908     3.697     1.451     0.339     0.008     0.653     3.000
     1.846     2.567     1.951     3.074     0.174     0.203     0.027     0.770     3.000
     3.070     1.871     3.279     2.357    -0.379     0.057     0.150     0.793     3.000
     2.971     2.923     3.014     2.761    -0.265     0.035     0.228     0.737     3.000
     0.859    -0.797    -0.599     0.848    -0.547     0.938     0.000     0.062     1.000
     2.500     4.764     4.383     5.373     0.912     0.006     0.440     0.554     3.000
     1.834     2.861     1.357     0.954    -1.638     0.119     0.073     0.808     3.000
     2.173     3.697     5.536     5.879    -1.098     0.001     0.626     0.374     2.000
    -0.434     1.372    -0.176    -0.552     0.956     0.980     0.000     0.020     1.000
     2.406     2.867     6.093     7.655     0.710     0.003     0.344     0.653     3.000
     0.535     2.905     3.439     5.198    -0.697     0.038     0.044     0.917     3.000
     1.762     1.703     4.294     5.844    -1.116     0.011     0.121     0.867     3.000
     1.002     1.024     0.395     2.019    -0.541     0.657     0.001     0.342     1.000
     1.714     3.770     4.565     6.656    -0.750     0.002     0.365     0.632     3.000
     1.790     1.430     1.444     3.656     0.240     0.360     0.007     0.633     3.000
     3.733     3.721     4.477     6.052     0.737     0.002     0.605     0.393     2.000
     5.570     6.131     8.119    10.071    -0.626     0.000     0.999     0.001     2.000
     3.037     3.508     5.567     5.760     1.847     0.010     0.349     0.641     3.000
     0.458     0.487     0.510     0.026     1.065     0.966     0.000     0.034     1.000
     1.121     1.827     1.438     4.540    -0.179     0.250     0.008     0.743     3.000
     1.179     2.299     1.672     2.643    -1.382     0.134     0.028     0.838     3.000
     3.063     4.937     6.918     7.228     0.256     0.000     0.901     0.099     2.000
     0.517     3.272     4.881     7.614     0.192     0.012     0.074     0.914     3.000
     1.944     3.308     3.966     4.488     0.311     0.029     0.146     0.825     3.000
     4.714     3.701     5.007     4.506     1.173     0.001     0.786     0.212     2.000
     2.953     2.697     3.083     2.799    -0.721     0.025     0.256     0.720     3.000
     2.751     4.290     5.321     5.592     0.864     0.003     0.542     0.455     2.000
     3.698     2.676     3.463     4.458     0.570     0.021     0.294     0.685     3.000
     0.387     3.514     3.659     3.887    -1.009     0.032     0.074     0.894     3.000
     2.725     0.965     0.790     0.521     0.311     0.682     0.004     0.314     1.000
     5.332     4.796     3.628     4.434    -1.234     0.000     0.973     0.027     2.000
    -0.626    -1.095    -1.940    -1.520    -1.376     0.991     0.000     0.009     1.000
     2.081     3.125     3.786     3.258    -0.564     0.023     0.205     0.773     3.000
     2.974     3.539     3.450     3.991     0.301     0.018     0.304     0.677     3.000
     2.810     3.751     3.829     4.560    -0.606     0.004     0.493     0.503     3.000
     0.804     2.567     2.836     3.588     1.070     0.338     0.007     0.655     3.000
     0.626     1.401     2.313     1.109    -1.358     0.308     0.008     0.683     3.000
    -0.638     0.376     1.348     0.546    -1.786     0.706     0.000     0.294     1.000
     3.844     3.834     3.778     3.627     0.364     0.006     0.594     0.400     2.000
     2.727     3.084     3.936     4.951    -2.125     0.001     0.607     0.392     2.000
     0.269    -0.534     2.257     3.373     0.613     0.791     0.000     0.209     1.000
     3.619     8.355    12.491    13.779     1.333     0.000     1.000     0.000     2.000
     1.343     3.287     4.816     5.456    -0.580     0.008     0.209     0.784     3.000
     1.308    -0.446    -1.584    -1.424    -0.236     0.982     0.000     0.018     1.000
    -0.386     1.276     0.939     1.637    -0.420     0.778     0.000     0.222     1.000
     1.830     2.790     2.750     2.362     0.833     0.250     0.028     0.722     3.000
     1.657     1.259     1.434     1.361     0.351     0.639     0.003     0.358     1.000
     0.800     1.176     3.794     4.274     1.626     0.440     0.003     0.557     3.000
     1.771     2.458     2.842     3.275     0.269     0.144     0.036     0.819     3.000
     3.786     5.676     5.158     6.620     1.975     0.001     0.818     0.182     2.000
    -0.925     0.156    -0.009     0.300    -0.353     0.964     0.000     0.036     1.000
     3.610     4.709     6.224     7.507     0.738     0.000     0.877     0.123     2.000
    -0.137    -0.579     1.045     2.824     1.129     0.950     0.000     0.050     1.000
     2.124     2.620     3.426     5.358    -0.472     0.019     0.141     0.840     3.000
     4.092     3.868     4.200     4.284     0.720     0.003     0.662     0.334     2.000
     0.076     0.885     0.782     0.855    -0.282     0.846     0.000     0.154     1.000
     2.952     3.440     4.082     4.447    -1.148     0.002     0.587     0.411     2.000
     1.439     3.387     5.275     4.550     1.747     0.062     0.075     0.863     3.000
     3.486     1.717     2.566     2.512     0.145     0.108     0.103     0.789     3.000
     1.034     0.434    -0.384    -0.524    -0.424     0.922     0.000     0.078     1.000
     3.493     1.810     4.280     3.201     1.308     0.081     0.128     0.790     3.000
     0.121     1.218     1.653     0.428    -0.657     0.697     0.001     0.302     1.000
     0.828     2.699     3.812     5.855    -0.039     0.040     0.042     0.918     3.000
     0.727     1.001     2.664     4.810     0.280     0.304     0.004     0.693     3.000
    -0.805     0.615    -1.392     0.531    -0.665     0.967     0.000     0.033     1.000
     2.113     0.149     0.722     2.743    -1.265     0.350     0.007     0.643     3.000
     3.144     1.468     3.104     5.089    -1.309     0.012     0.220     0.768     3.000
     0.733     2.481     4.011     4.186     0.443     0.115     0.023     0.862     3.000
     1.900     2.968     5.058     5.254     0.186     0.012     0.200     0.788     3.000
     4.736     3.798     5.538     6.694     1.219     0.000     0.851     0.149     2.000
     1.909     2.330     4.871     3.512     1.071     0.085     0.065     0.850     3.000
     3.270     4.002     6.792     7.705     0.398     0.000     0.833     0.167     2.000
     3.076     4.253     5.048     6.124     0.879     0.002     0.587     0.411     2.000
     3.225     4.375     4.187     6.160    -0.294     0.001     0.714     0.286     2.000
     3.603     2.280     2.188     1.357    -1.841     0.020     0.372     0.609     3.000
    -0.203     0.790     1.005    -0.214    -0.714     0.860     0.000     0.139     1.000
     1.250     1.157     3.829     4.331    -0.246     0.102     0.021     0.877     3.000
     2.407     2.650     4.509     5.414    -0.615     0.006     0.297     0.697     3.000
     0.097    -0.104    -1.153    -1.644    -2.115     0.936     0.000     0.063     1.000
     1.711     3.970     5.740     7.507    -0.429     0.001     0.502     0.497     2.000
     2.978     3.571     3.701     3.789    -0.074     0.011     0.392     0.597     3.000
     0.526     2.431     1.518     0.383     1.191     0.838     0.001     0.161     1.000
     2.433     2.649     3.273     5.190    -0.845     0.012     0.212     0.776     3.000
     1.311     3.801     3.804     5.541    -0.659     0.010     0.193     0.797     3.000
     0.360     0.268     0.770     0.142     0.354     0.937     0.000     0.063     1.000
     3.427     3.084     3.048     4.033    -0.326     0.012     0.378     0.610     3.000
     1.358     2.434     2.328     2.060     1.129     0.501     0.006     0.493     1.000
     1.982     2.034     0.754    -0.187    -0.157     0.621     0.006     0.373     1.000
     3.785     3.485     6.182     5.830    -0.885     0.000     0.896     0.103     2.000
    -0.100     2.592     4.270     5.505    -0.219     0.055     0.021     0.924     3.000
     1.842     3.807     4.295     6.895     0.291     0.007     0.235     0.758     3.000
     2.660     3.216     1.799     1.768    -0.985     0.058     0.177     0.765     3.000
     1.346     1.394    -0.012     0.220     1.184     0.935     0.000     0.065     1.000
     1.875     5.022     5.513     5.034     1.697     0.010     0.345     0.645     3.000
     5.447     7.190     7.845     8.851     1.224     0.000     0.998     0.002     2.000
     2.977     3.400     3.068     5.029     0.479     0.021     0.236     0.742     3.000
     3.245     5.367     5.943     5.961    -0.201     0.000     0.921     0.079     2.000
     1.901     4.175     3.245     5.467     1.757     0.069     0.081     0.850     3.000
     0.090    -0.040     1.198     2.311    -1.897     0.500     0.001     0.499     1.000
     3.007     4.538     4.289     6.053    -1.370     0.000     0.823     0.176     2.000
     3.220     4.111     6.163     7.634    -0.235     0.000     0.849     0.151     2.000
     1.814     1.185     0.306     1.209     0.520     0.798     0.001     0.201     1.000
     0.692     1.220     2.428     2.688     0.643     0.582     0.002     0.417     1.000
     4.055     3.162     3.894     6.016     0.016     0.002     0.624     0.374     2.000
     1.452     0.472     2.275     3.219     0.401     0.493     0.003     0.505     3.000
     2.371     1.131     1.051     0.662    -2.444     0.146     0.049     0.804     3.000
     2.101     4.153     5.010     5.005     1.956     0.030     0.184     0.786     3.000
     0.821     2.062     5.022     6.011     1.087     0.070     0.023     0.907     3.000
     1.965     3.933     4.246     5.302     1.263     0.029     0.154     0.818     3.000
     1.064     2.460     3.782     4.783     1.172     0.157     0.017     0.826     3.000
     5.723     3.393     6.332     5.235     0.328     0.000     0.965     0.035     2.000
    -0.783     0.690    -0.477    -1.544     0.655     0.991     0.000     0.009     1.000
     3.417     2.437     2.896     4.418    -0.168     0.022     0.241     0.737     3.000
     2.741     1.760     3.553     3.439    -1.279     0.019     0.206     0.775     3.000
     3.354     3.421     3.852     5.746     0.944     0.011     0.345     0.644     3.000
     1.430     0.520    -1.353     0.592     0.167     0.944     0.000     0.056     1.000
     3.516     3.433     1.767     1.874    -0.009     0.066     0.239     0.696     3.000
     3.936     3.615     3.963     4.923    -1.194     0.000     0.812     0.187     2.000
     4.127     5.160     6.297     7.583     2.114     0.000     0.879     0.120     2.000
     1.922     3.151     2.980     4.164    -0.034     0.048     0.099     0.853     3.000
     2.551     5.037     5.452     6.457     0.469     0.001     0.706     0.293     2.000
     2.420     1.584     1.443    -0.145    -1.139     0.309     0.030     0.661     3.000
     0.249     3.107     5.198     7.074     1.514     0.050     0.025     0.925     3.000
     1.120     2.315     3.467     2.695    -0.227     0.131     0.031     0.838     3.000
     1.525     1.428     2.299     4.430    -2.163     0.034     0.056     0.910     3.000
     0.971    -0.600    -0.376     0.025    -0.328     0.949     0.000     0.051     1.000
     4.807     6.216     6.401     8.124    -0.515     0.000     0.994     0.006     2.000
     0.383     3.941     3.374     4.196     1.115     0.157     0.021     0.822     3.000
     2.021     1.404     4.062     5.495     1.613     0.153     0.019     0.828     3.000
     2.048     2.088     3.273     5.742    -1.605     0.009     0.168     0.823     3.000
     2.750     6.509     7.491    10.368    -0.193     0.000     0.978     0.022     2.000
     2.950     2.578     2.116     2.116    -0.684     0.068     0.149     0.783     3.000
    -0.785     0.366     2.342     4.280     0.440     0.713     0.000     0.287     1.000
     3.499     6.980     6.547     7.330     0.394     0.000     0.980     0.020     2.000
     3.080     2.031     3.158     3.524    -2.505     0.004     0.449     0.547     3.000
     4.596     5.064     6.131     6.055     1.381     0.000     0.937     0.063     2.000
    -1.084     1.134     2.109     3.888     1.127     0.824     0.000     0.175     1.000
     0.299    -0.593     1.793     2.462     0.340     0.848     0.000     0.152     1.000
     2.993     1.581     2.645     2.802    -1.017     0.050     0.130     0.820     3.000
     3.874     6.601     8.511     9.854     0.990     0.000     0.991     0.009     2.000
     1.072     1.559     2.081     2.915     0.094     0.392     0.005     0.603     3.000
     2.577     4.149     2.172     3.459    -0.646     0.019     0.303     0.678     3.000
     2.245     1.608     1.539     2.919     1.083     0.506     0.006     0.489     1.000
     2.366     4.899     5.152     6.923     1.758     0.005     0.413     0.583     3.000
     1.312     3.815     4.464     5.212    -0.062     0.013     0.184     0.804     3.000
     3.195     4.813     3.182     5.053    -0.906     0.001     0.739     0.260     2.000
     2.694     2.489     3.028     2.770    -0.043     0.069     0.121     0.811     3.000
     1.087     2.475     2.220     2.735    -0.221     0.225     0.017     0.759     3.000
     0.216     1.454     3.432     4.040    -0.254     0.199     0.007     0.794     3.000
     4.158     4.851     7.211     6.950     0.577     0.000     0.960     0.040     2.000
     3.694     4.108     2.607     2.367    -1.190     0.003     0.685     0.311     2.000
    -0.188     0.043     0.720     0.047     0.974     0.977     0.000     0.023     1.000
     0.580     1.127     0.965     1.938     0.773     0.843     0.000     0.157     1.000
     1.946     4.329     4.362     6.030     0.038     0.004     0.368     0.628     3.000
     0.981     2.701     2.652     3.100     0.523     0.262     0.013     0.725     3.000
    -0.079     1.380     0.987     0.185    -0.928     0.751     0.001     0.249     1.000
     3.112     3.061     4.524     4.854     0.210     0.007     0.402     0.591     3.000
     1.157     1.872     2.523     4.444    -0.580     0.110     0.021     0.869     3.000
     2.769     1.630     1.269     1.258    -2.035     0.090     0.095     0.814     3.000
     3.215     3.950     7.060    10.278     1.215     0.000     0.779     0.221     2.000
     0.274     0.691     0.353     0.693     0.606     0.941     0.000     0.059     1.000
     1.967     5.332     5.414     6.664     1.687     0.004     0.432     0.564     3.000
     1.872     2.045     2.147     1.890    -1.362     0.106     0.056     0.837     3.000
    -0.003     1.601     0.386     1.064     0.260     0.879     0.000     0.121     1.000
     0.469     1.965     3.167     5.453     0.339     0.156     0.009     0.835     3.000
     2.306     4.239     4.737     6.101     0.043     0.002     0.486     0.512     3.000
     4.669     5.170     6.726     7.543     0.562     0.000     0.977     0.023     2.000
     2.626     5.550     6.344     5.125     0.730     0.000     0.823     0.177     2.000
    -3.793    -2.266    -1.394    -0.505    -1.232     0.999     0.000     0.001     1.000
     2.343     3.264     3.854     5.947     0.931     0.025     0.146     0.829     3.000
     0.914     1.553     1.499     0.736    -0.134     0.650     0.002     0.348     1.000
     2.561     3.765     4.944     6.913    -0.057     0.002     0.514     0.484     2.000
     1.202     0.495     0.811    -0.884     0.379     0.923     0.000     0.077     1.000
     1.762     5.681     8.323     9.548     0.077     0.000     0.915     0.085     2.000
     1.349    -1.127    -2.624    -3.656    -0.917     0.994     0.000     0.006     1.000
     1.078     0.141     1.485     2.648    -0.376     0.589     0.001     0.410     1.000
     0.404     2.756     4.263     7.788     1.508     0.070     0.015     0.915     3.000
     0.024     2.916     3.013     4.819     1.529     0.360     0.004     0.637     3.000
     4.792     4.979     5.266     3.829    -0.472     0.000     0.969     0.030     2.000
     0.656     2.623     0.465     0.933    -1.050     0.478     0.005     0.517     3.000
     1.556     4.830     6.745     8.437     0.724     0.001     0.575     0.425     2.000
     1.228     1.968     4.152     6.724     0.280     0.037     0.037     0.926     3.000
     2.893     3.655     3.838     3.672    -1.344     0.002     0.602     0.396     2.000
     3.557     2.337     5.439     5.609    -0.606     0.001     0.629     0.369     2.000
     2.532     1.262     1.119     0.225    -0.133     0.561     0.008     0.431     1.000
     1.065     3.178     3.674     6.061    -0.141     0.024     0.075     0.901     3.000
     5.322     5.230     4.535     5.079    -1.029     0.000     0.986     0.014     2.000
     2.424     4.095     3.461     5.851    -0.620     0.003     0.434     0.563     3.000
     2.673     4.006     4.234     6.597    -1.311     0.000     0.685     0.315     2.000
     3.089     3.947     3.906     4.527    -1.537     0.001     0.736     0.263     2.000
     2.609     3.030     6.484     7.044    -0.014     0.001     0.574     0.425     2.000
     2.789     4.738     6.804     8.290     1.140     0.000     0.774     0.226     2.000
     3.957     3.700     3.288     2.958    -1.181     0.002     0.751     0.247     2.000
    -0.798     1.114     1.740     1.126    -1.498     0.593     0.001     0.406     1.000
     2.968     1.525     2.838     2.270    -1.164     0.050     0.141     0.809     3.000
     2.125     2.271     2.044     0.033    -0.034     0.389     0.023     0.589     3.000
     2.162     4.288     6.056     8.792    -1.259     0.000     0.809     0.191     2.000
    -0.694     1.359    -0.088     0.324    -0.368     0.925     0.000     0.075     1.000
     6.354     5.969     6.582     7.544     0.143     0.000     0.998     0.002     2.000
     0.847     3.272     4.333     4.300    -0.097     0.036     0.078     0.886     3.000
     4.150     4.416     5.747     6.274    -0.441     0.000     0.939     0.061     2.000
     1.477     1.224     4.507     5.748     1.953     0.206     0.009     0.785     3.000
     0.383     3.126     2.726     3.872     0.297     0.190     0.014     0.797     3.000
     1.354     1.983     3.098     4.565    -1.287     0.036     0.060     0.904     3.000
     0.912     2.773     4.246     6.359     0.533     0.039     0.043     0.918     3.000
     2.055     1.367     2.753     3.097     1.162     0.393     0.009     0.598     3.000
     3.533     5.831     5.565     5.578    -0.558     0.000     0.957     0.043     2.000
     1.540     3.846     2.251     2.647    -1.391     0.032     0.162     0.805     3.000
     1.069     2.472     1.622     2.631    -0.720     0.218     0.017     0.765     3.000
     3.315     5.467     6.181     5.609    -0.850     0.000     0.957     0.043     2.000
     2.128     2.197     2.647     3.762     1.215     0.253     0.019     0.727     3.000
     2.214     3.903     5.700     4.353    -1.595     0.000     0.736     0.264     2.000
     2.175     4.018     5.784     6.761     1.405     0.005     0.339     0.656     3.000
     5.063     3.935     7.150     6.686     0.478     0.000     0.969     0.031     2.000
     2.300     2.920     3.669     4.073    -1.055     0.011     0.273     0.716     3.000
     3.709     5.707     6.600     9.824     2.182     0.000     0.899     0.101     2.000
     3.385     1.727     3.496     3.987     1.458     0.122     0.071     0.806     3.000
     0.685    -0.604     1.202     1.007     0.485     0.926     0.000     0.074     1.000
     1.383     3.478     4.322     2.782     0.700     0.080     0.082     0.838     3.000
     3.338     4.976     6.266    10.136    -1.680     0.000     0.973     0.027     2.000
    -0.400    -0.093    -0.112     0.838     0.879     0.983     0.000     0.017     1.000
     2.024     1.968     1.583     1.944     1.994     0.750     0.002     0.249     1.000
    -0.381    -0.297    -2.156    -3.594    -1.694     0.991     0.000     0.009     1.000
     1.009     3.790     4.463     5.657    -1.016     0.005     0.235     0.760     3.000
     1.317     2.911     4.781     6.321    -1.633     0.003     0.282     0.716     3.000
    -1.264     1.315     2.652     2.446    -0.005     0.692     0.000     0.308     1.000
     1.865     4.334     2.758     5.520    -0.053     0.016     0.200     0.784     3.000
     5.340     5.395     5.091     5.826     0.188     0.000     0.980     0.020     2.000
     4.463     6.599     5.474     6.691    -1.395     0.000     0.994     0.006     2.000
     5.691     5.396     5.806     6.944     0.320     0.000     0.990     0.010     2.000
     1.959     4.536     3.961     4.175     1.066     0.029     0.207     0.764     3.000
     2.907     2.237     0.917     2.437     1.040     0.448     0.014     0.538     3.000
     2.014     2.332     3.779     4.914     0.529     0.057     0.066     0.878     3.000
     2.360     2.562     4.756     4.600     0.741     0.030     0.145     0.826     3.000
     2.828     5.731     8.398    10.566     0.595     0.000     0.962     0.038     2.000
     4.938     5.040     5.561     5.450    -1.125     0.000     0.986     0.014     2.000
     2.589     3.123     4.693     4.012    -0.896     0.004     0.467     0.529     3.000
     1.394     0.452     0.598     0.988    -0.490     0.741     0.001     0.258     1.000
     1.099     1.876     2.729     3.331    -0.473     0.160     0.018     0.822     3.000
     0.909     3.670     6.052     6.453     0.272     0.006     0.204     0.791     3.000
     2.476     2.855     2.201     2.291     0.337     0.163     0.062     0.775     3.000
     5.363     4.571     3.454     3.245    -1.326     0.000     0.966     0.034     2.000
    -0.242     3.419     2.803     7.906     0.779     0.083     0.010     0.907     3.000
     1.469     4.323     3.445     6.385    -0.214     0.009     0.214     0.777     3.000
     2.454     2.285     6.628     6.223     0.009     0.002     0.403     0.594     3.000
     3.702     4.918     4.568     7.264     0.377     0.000     0.834     0.166     2.000
     3.855     4.415     5.409     6.515     0.782     0.000     0.820     0.180     2.000
     3.066     3.911     5.091     7.922     1.993     0.005     0.377     0.618     3.000
     4.920     5.335     4.848     8.382     0.470     0.000     0.964     0.036     2.000
     1.571     1.935     3.121     2.949    -1.091     0.068     0.057     0.875     3.000
     0.071     2.079     2.579     2.263    -0.796     0.278     0.007     0.715     3.000
     2.250     3.280     1.540     2.376    -1.046     0.066     0.123     0.811     3.000
     1.879     5.171     6.949     8.055     1.591     0.001     0.601     0.398     2.000
     0.244     2.353     2.799     5.729     0.219     0.146     0.009     0.845     3.000
     0.243     0.331    -0.394    -0.190     0.029     0.963     0.000     0.037     1.000
     0.746    -0.001     0.368     1.445     0.113     0.896     0.000     0.104     1.000
     0.391    -0.011    -1.676     0.094     0.646     0.989     0.000     0.011     1.000
     5.213     4.450     4.375     5.633    -0.362     0.000     0.956     0.044     2.000
     2.273     3.223     5.581     7.687     0.281     0.002     0.379     0.619     3.000
     1.409     2.060     3.299     4.448    -1.196     0.033     0.069     0.898     3.000
     2.061     4.881     5.928     5.448     0.881     0.002     0.547     0.450     2.000
     5.271     3.018     2.494     1.983    -2.098     0.000     0.887     0.112     2.000
     4.364     3.490     5.699     6.538     0.106     0.000     0.872     0.128     2.000
     2.243     4.909     5.802     8.186    -0.007     0.000     0.738     0.262     2.000
     0.401     0.673    -0.089     0.028    -0.584     0.899     0.000     0.101     1.000
     1.857     1.981     2.424     3.256    -0.789     0.095     0.046     0.859     3.000
     0.067     0.371     1.898     3.691     1.175     0.822     0.000     0.177     1.000
     4.152     6.390     5.648     6.734    -0.856     0.000     0.988     0.012     2.000
     2.527     1.343     0.089     0.576    -0.681     0.547     0.008     0.445     1.000
     2.305     3.333     4.191     6.538    -0.053     0.006     0.286     0.708     3.000
     1.082     1.490     0.864    -0.297    -0.511     0.728     0.002     0.270     1.000
     0.749     2.048     3.593     3.787    -0.091     0.132     0.019     0.850     3.000
     5.435     6.687     6.837     7.539     0.264     0.000     0.997     0.003     2.000
    -0.336     1.029     1.153     1.770     0.477     0.877     0.000     0.123     1.000
     2.915     2.707     2.067     2.719    -0.382     0.069     0.134     0.796     3.000
     0.240     0.461     1.710     2.779    -0.105     0.674     0.001     0.325     1.000
     3.308     6.356     8.016    10.112     0.662     0.000     0.981     0.019     2.000
     3.069     4.226     4.582     5.335    -0.061     0.001     0.657     0.341     2.000
     2.973     3.323     5.232     6.059    -2.153     0.000     0.828     0.172     2.000
     2.866     2.310     2.358     1.127    -0.849     0.089     0.133     0.778     3.000
     4.834     4.712     7.351     6.998    -0.323     0.000     0.988     0.012     2.000
     0.599     1.779     2.814     3.240     1.320     0.560     0.002     0.439     1.000
     3.054     6.773     5.772     7.513     0.295     0.000     0.952     0.048     2.000
     5.062     3.326     2.973     3.185    -2.543     0.000     0.935     0.065     2.000
     5.040     5.199     8.497    10.752     1.497     0.000     0.990     0.010     2.000
     1.998     2.846     4.552     6.172     2.546     0.097     0.041     0.862     3.000
     0.221    -1.119    -0.030    -2.397    -0.404     0.987     0.000     0.013     1.000
     3.829     3.736     2.192     2.643    -0.943     0.007     0.571     0.421     2.000
    -0.067    -0.498    -0.052    -1.043     0.709     0.990     0.000     0.010     1.000
     2.347     5.105     6.435     8.533    -0.906     0.000     0.899     0.101     2.000
     4.512     4.278     5.101     4.059    -1.329     0.000     0.958     0.042     2.000
    -0.397    -1.364    -2.854    -1.810    -1.471     0.995     0.000     0.005     1.000
     2.415     1.402     2.539     1.989    -0.175     0.214     0.031     0.755     3.000
     3.610     2.706     3.146     4.259    -1.085     0.005     0.489     0.506     3.000
     2.698     3.695     4.681     5.547     1.778     0.022     0.225     0.754     3.000
     1.819     3.182     5.299     5.568    -0.878     0.003     0.379     0.619     3.000
    -0.574     1.626     2.235     2.682     1.446     0.839     0.000     0.161     1.000
     1.322     2.460     4.289     5.680    -0.340     0.021     0.085     0.894     3.000
     0.821     1.330    -1.557    -2.020     0.524     0.985     0.000     0.015     1.000
     0.560     1.480     4.881     5.975    -0.447     0.034     0.029     0.937     3.000
     1.340     2.061     1.331     1.478    -0.660     0.366     0.010     0.624     3.000
     2.165     4.426     6.947     7.905     0.852     0.000     0.647     0.352     2.000
     0.369     0.560     0.302     2.787     0.196     0.841     0.000     0.159     1.000
     0.979     1.053     1.780     2.780     0.012     0.511     0.002     0.487     1.000
     0.334     2.507     5.894     6.487     0.516     0.023     0.045     0.931     3.000
     0.046     1.488     2.775     0.628     0.041     0.650     0.001     0.349     1.000
     2.458     1.835     2.708     4.579     1.217     0.194     0.024     0.782     3.000
     1.221     2.170     3.635     6.102     0.919     0.095     0.021     0.884     3.000
     0.135     3.254     5.546     8.464     0.546     0.010     0.059     0.931     3.000
     0.412     0.635     1.445    -0.676     0.460     0.924     0.000     0.076     1.000
     4.887     5.884     6.236     6.501     0.245     0.000     0.988     0.012     2.000
     1.239     2.312     1.810     1.120     0.267     0.511     0.006     0.483     1.000
     1.292     1.367     3.186     4.065    -0.341     0.128     0.019     0.854     3.000
     1.312     1.884     3.868     3.604     0.323     0.135     0.025     0.840     3.000
     2.222     1.197    -0.090     0.888     1.506     0.912     0.000     0.088     1.000
     2.146     4.553     5.030     4.720    -0.848     0.001     0.657     0.342     2.000
     4.148     4.253     5.389     6.855    -0.818     0.000     0.938     0.062     2.000
     1.429     2.517     3.267     5.491     1.959     0.230     0.012     0.758     3.000
     1.260     3.116     2.938     4.212    -0.411     0.054     0.064     0.882     3.000
    -0.037    -0.638    -3.471    -2.922    -0.005     0.999     0.000     0.001     1.000
     0.195     2.180     4.702     5.397     0.968     0.124     0.011     0.865     3.000
     2.381     1.816     1.858     1.820    -1.480     0.097     0.073     0.830     3.000
     2.730     3.983     4.033     4.807     1.251     0.021     0.265     0.714     3.000
     1.600     4.257     5.501     7.157     0.722     0.004     0.320     0.677     3.000
    -0.046     1.279    -0.407    -0.507    -1.282     0.869     0.000     0.131     1.000
     0.427    -0.934    -0.122     0.216     0.555     0.981     0.000     0.019     1.000
     3.557     4.986     6.630     6.623     0.658     0.000     0.911     0.089     2.000
     2.595     4.575     6.492     8.729    -0.476     0.000     0.859     0.141     2.000
     1.965     4.872     7.889     9.466     0.975     0.000     0.768     0.232     2.000
     2.081     1.575     1.579     1.923    -0.837     0.233     0.024     0.744     3.000
     1.415    -0.572    -1.953    -4.171    -0.800     0.991     0.000     0.009     1.000
     4.186     5.387     7.519     7.994    -0.428     0.000     0.988     0.012     2.000
     1.467     1.782     2.603     1.286     0.407     0.450     0.008     0.542     3.000
    -0.343     2.623     3.177     4.073    -1.193     0.084     0.017     0.900     3.000
     1.173     0.926     1.633     3.406     0.098     0.480     0.003     0.518     3.000
     1.470    -0.041    -0.382    -1.291     0.396     0.970     0.000     0.030     1.000
     0.099     0.444    -0.210     0.960    -0.050     0.934     0.000     0.066     1.000
     2.841     5.018     6.705     7.907     1.464     0.000     0.772     0.228     2.000
    -0.313     1.669     4.911     4.264     0.036     0.132     0.009     0.860     3.000
     3.165     4.355     5.563     9.665    -0.195     0.000     0.836     0.164     2.000
     0.185    -0.646     0.600     0.732    -0.168     0.938     0.000     0.062     1.000
     1.607     0.695     0.197     3.457    -0.085     0.608     0.001     0.390     1.000
     0.039     1.745     0.891    -0.118    -0.434     0.808     0.000     0.192     1.000
     0.944     0.472     1.389    -0.506    -0.502     0.803     0.001     0.197     1.000
     2.869     4.819     7.735     8.708     0.157     0.000     0.922     0.078     2.000
     0.777     3.589     3.164     3.109    -0.878     0.049     0.078     0.873     3.000
     0.874     2.242     3.912     4.387     1.625     0.274     0.008     0.718     3.000
     2.192     0.751     2.118     3.086     0.475     0.399     0.007     0.594     3.000
     2.862     3.622     4.132     5.014    -0.431     0.003     0.498     0.499     3.000
     1.789     1.848     1.825     2.670    -1.164     0.131     0.035     0.834     3.000
     3.085     3.770     4.157     4.693    -0.996     0.001     0.664     0.335     2.000
     2.148     2.033     6.216     5.389     2.300     0.059     0.067     0.874     3.000
    -0.052     2.666     2.423     3.971     0.102     0.273     0.006     0.721     3.000
     2.801     2.817     4.629     4.202    -0.305     0.008     0.367     0.625     3.000
     2.445     4.746     6.876     8.271    -0.982     0.000     0.906     0.094     2.000
     2.625     2.651     2.312     1.697    -1.538     0.038     0.203     0.759     3.000
     2.504     5.173     5.334     6.195     0.877     0.001     0.646     0.353     2.000
     3.019     5.143     6.341     8.653    -0.280     0.000     0.921     0.079     2.000
     3.086     5.303     7.576    10.892     0.148     0.000     0.956     0.044     2.000
     2.592     2.470     2.635     2.915    -0.185     0.078     0.099     0.823     3.000
     3.163     2.046     4.337     4.359     0.860     0.037     0.161     0.802     3.000
     1.098     1.226     0.800    -0.676    -1.198     0.669     0.002     0.329     1.000
     2.279     5.048     4.146     6.734    -2.088     0.000     0.832     0.168     2.000
     2.079     4.108     4.532     5.029     0.727     0.013     0.272     0.715     3.000
     2.198     1.912     2.680     2.652    -1.338     0.054     0.095     0.850     3.000
     3.254     4.314     5.906     6.058     0.385     0.000     0.787     0.212     2.000
     1.293     1.163     1.652     2.052     1.459     0.804     0.001     0.196     1.000
     2.892     6.332     6.087     7.547     0.197     0.000     0.938     0.062     2.000
    -1.914    -2.971    -1.559    -2.149     0.627     1.000     0.000     0.000     1.000
     1.112     0.235     0.730     1.077     0.042     0.843     0.000     0.156     1.000
     3.219     3.224     5.241     5.162    -0.911     0.001     0.714     0.285     2.000
     0.792    -0.282    -1.193    -0.862    -1.203     0.948     0.000     0.052     1.000
     1.603     3.286     3.911     4.617    -0.344     0.020     0.152     0.829     3.000
     3.137     1.280    -0.323    -0.527    -2.459     0.256     0.050     0.695     3.000
    -1.149    -0.398    -1.591    -1.430     0.912     0.998     0.000     0.002     1.000
     0.837     1.307     3.797     4.388    -0.155     0.126     0.014     0.860     3.000
     0.738     0.903    -1.435    -1.207    -1.139     0.932     0.000     0.068     1.000
     0.326     2.505     3.604     3.937     0.500     0.193     0.011     0.796     3.000
     0.958     0.675     3.418     1.110    -0.430     0.393     0.006     0.601     3.000
    -0.499    -0.078     1.195     1.918    -1.174     0.757     0.000     0.242     1.000
     4.170     4.487     5.109     5.902     1.187     0.001     0.810     0.189     2.000
     3.513     2.287     4.891     7.602     1.133     0.006     0.305     0.689     3.000
     0.492     3.017     3.476     4.978    -0.256     0.057     0.035     0.908     3.000
     0.350     1.342     1.958     3.153    -1.070     0.282     0.005     0.713     3.000
     0.337     1.614     3.203     4.927    -0.030     0.174     0.007     0.819     3.000
     0.940     4.461     2.655     5.272    -0.074     0.033     0.092     0.875     3.000
     1.825     0.859     0.280     1.566    -1.561     0.403     0.007     0.590     3.000
     0.244    -0.399     0.295    -2.841    -2.181     0.912     0.000     0.088     1.000
     0.768     1.211     1.976     4.473     0.969     0.539     0.001     0.460     1.000
     0.999     1.190     2.103     1.444     1.292     0.801     0.001     0.198     1.000
     1.594     2.997     4.162     5.083    -0.773     0.011     0.180     0.809     3.000
     4.879     4.623     3.657     3.930    -0.377     0.000     0.920     0.080     2.000
     4.403     5.573     5.884     5.624     0.643     0.000     0.961     0.039     2.000
     1.881     0.772     1.609     0.975    -1.613     0.275     0.016     0.709     3.000
     0.854     0.256     3.519     3.822     0.471     0.390     0.003     0.608     3.000
    -0.547     0.941     0.338     2.091     0.959     0.948     0.000     0.052     1.000
     2.157     2.984     2.629     5.920    -1.330     0.009     0.212     0.780     3.000
     4.131     6.411     7.520    10.677     0.304     0.000     0.992     0.008     2.000
     0.801    -0.125     1.792     0.263    -1.963     0.504     0.003     0.494     1.000
     1.444     2.813     6.117     8.366    -1.163     0.001     0.397     0.602     3.000
    -1.879     0.145    -0.438    -0.082    -0.029     0.989     0.000     0.011     1.000
     2.917     4.052     5.190     7.145     0.117     0.001     0.657     0.342     2.000
     0.868     4.123     4.450     5.018    -0.811     0.007     0.223     0.770     3.000
    -0.747     0.561    -0.407     0.398    -0.285     0.961     0.000     0.039     1.000
     1.515     2.058     1.143     2.649     1.679     0.742     0.001     0.257     1.000
     1.491     2.246     2.133     2.173    -0.719     0.178     0.028     0.794     3.000
     1.167     0.622     2.824     3.016    -0.034     0.363     0.005     0.633     3.000
